19 8.376463651380016
71 7.600829133408562
45 8.10179699603639
78 7.352966622411395
90 6.8038306372092565
4 8.563022942927322
77 7.358198705570642
12 8.45504267321752
69 7.608962523282381
64 7.716922210561732
35 8.23967760648
55 7.950419644983598
5 8.561481887853644
52 7.977415536966343
60 7.876115510510418
34 8.249751975982374
59 7.8975731716197854
50 8.013037571638042
68 7.626827605109492
0 8.585284625628711
10 8.4891528917996
91 6.799389494427803
17 8.396365399259382
61 7.837232717628123
2 8.580048728341485
38 8.200356933077472
57 7.916760641285691
96 6.263055283836559
94 6.547185959167698
97 6.132470889873961
44 8.126205479491807
16 8.400760025207731
26 8.317060117969845
27 8.310273750720576
101 5.760636790711878
11 8.464999103212998
99 5.943347673245336
21 8.344973891943651
37 8.228270107609616
49 8.01338700786766
76 7.388418944139785
29 8.292401614843856
25 8.318527684544417
54 7.964341578460861
62 7.831792478860524
98 6.033937360707483
66 7.703395720996777
82 7.207446002828907
3 8.569276364069218
92 6.774718411666441
103 5.636497221501284
14 8.44622062267226
36 8.236905657040115
72 7.586470999421014
39 8.19543833390188
80 7.279054192738512
33 8.25016171130682
43 8.12756051973272
41 8.177309011506658
13 8.449765373735088
56 7.945735374577263
32 8.262712189974012
6 8.561026802280725
24 8.327414309045249
7 8.558535672701028
31 8.268400634525307
53 7.96434441522699
63 7.813842783417801
70 7.607490365056931
51 7.990132041790132
65 7.709680161274975
89 6.844878997287547
93 6.57162920472207
81 7.227681161392055
74 7.437147140336285
85 7.02900849071915
22 8.337623674178813
79 7.294867039784435
40 8.185126686558535
84 7.083999534094956
42 8.145525138478106
47 8.068832061341805
83 7.097066731632036
28 8.30347867956364
75 7.407209243351184
46 8.085679460685483
23 8.33697841351166
153 3.023426829489023
1 8.584634440143237
86 6.91731599244174
30 8.271767576081407
67 7.687121268579
87 6.913924869632514
15 8.42867729193995
112 4.985970319212727
8 8.522720437869957
18 8.394680467523111
58 7.8983013761886545
73 7.555626854326224
9 8.503678932813703
20 8.376417442772661
